name: gpu_monitoring
channels:
  - pytorch
  - conda-forge
  - defaults
dependencies:
  - blas=2.112=mkl
  - blas-devel=3.9.0=12_win64_mkl
  - brotli-python=1.1.0=py39h99910a6_1
  - bzip2=1.0.8=hcfcfb64_5
  - ca-certificates=2024.2.2=h56e8100_0
  - certifi=2024.2.2=pyhd8ed1ab_0
  - charset-normalizer=3.3.2=pyhd8ed1ab_0
  - cudatoolkit=11.2.2=h7d7167e_13
  - filelock=3.14.0=pyhd8ed1ab_0
  - freetype=2.12.1=hdaf720e_2
  - idna=3.7=pyhd8ed1ab_0
  - intel-openmp=2024.1.0=h57928b3_965
  - jinja2=3.1.4=pyhd8ed1ab_0
  - lcms2=2.16=h67d730c_0
  - lerc=4.0.0=h63175ca_0
  - libblas=3.9.0=12_win64_mkl
  - libcblas=3.9.0=12_win64_mkl
  - libdeflate=1.20=hcfcfb64_0
  - libffi=3.4.2=h8ffe710_5
  - libhwloc=2.10.0=default_h2fffb23_1000
  - libiconv=1.17=hcfcfb64_2
  - libjpeg-turbo=3.0.0=hcfcfb64_1
  - liblapack=3.9.0=12_win64_mkl
  - liblapacke=3.9.0=12_win64_mkl
  - libpng=1.6.43=h19919ed_0
  - libsqlite=3.45.3=hcfcfb64_0
  - libtiff=4.6.0=hddb2be6_3
  - libuv=1.48.0=hcfcfb64_0
  - libwebp-base=1.4.0=hcfcfb64_0
  - libxcb=1.15=hcd874cb_0
  - libxml2=2.12.7=h283a6d9_0
  - libzlib=1.2.13=hcfcfb64_5
  - m2w64-gcc-libgfortran=5.3.0=6
  - m2w64-gcc-libs=5.3.0=7
  - m2w64-gcc-libs-core=5.3.0=7
  - m2w64-gmp=6.1.0=2
  - m2w64-libwinpthread-git=5.0.0.4634.697f757=2
  - markupsafe=2.1.5=py39ha55989b_0
  - mkl=2021.4.0=h0e2418a_729
  - mkl-devel=2021.4.0=h57928b3_730
  - mkl-include=2021.4.0=h0e2418a_729
  - mpmath=1.3.0=pyhd8ed1ab_0
  - msys2-conda-epoch=20160418=1
  - networkx=3.2.1=pyhd8ed1ab_0
  - numpy=1.26.4=py39hddb5d58_0
  - openjpeg=2.5.2=h3d672ee_0
  - openssl=3.3.0=hcfcfb64_0
  - pillow=10.3.0=py39h9ee4981_0
  - pip=24.0=pyhd8ed1ab_0
  - pthread-stubs=0.4=hcd874cb_1001
  - pthreads-win32=2.9.1=hfa6e2cd_3
  - pysocks=1.7.1=pyh0701188_6
  - python=3.9.19=h4de0772_0_cpython
  - python_abi=3.9=4_cp39
  - pytorch=2.3.0=py3.9_cpu_0
  - pytorch-mutex=1.0=cpu
  - pyyaml=6.0.1=py39ha55989b_1
  - requests=2.31.0=pyhd8ed1ab_0
  - setuptools=69.5.1=pyhd8ed1ab_0
  - sqlite=3.45.3=hcfcfb64_0
  - sympy=1.12=pyh04b8f61_3
  - tbb=2021.12.0=h91493d7_0
  - tk=8.6.13=h5226925_1
  - torchaudio=2.3.0=py39_cpu
  - torchvision=0.18.0=py39_cpu
  - typing_extensions=4.11.0=pyha770c72_0
  - tzdata=2024a=h0c530f3_0
  - ucrt=10.0.22621.0=h57928b3_0
  - urllib3=2.2.1=pyhd8ed1ab_0
  - vc=14.3=hcf57466_18
  - vc14_runtime=14.38.33130=h82b7239_18
  - vs2015_runtime=14.38.33130=hcb4865c_18
  - wheel=0.43.0=pyhd8ed1ab_1
  - win_inet_pton=1.1.0=pyhd8ed1ab_6
  - xorg-libxau=1.0.11=hcd874cb_0
  - xorg-libxdmcp=1.1.3=hcd874cb_0
  - xz=5.2.6=h8d14728_0
  - yaml=0.2.5=h8ffe710_2
  - zstd=1.5.6=h0ea2cb4_0
  - pip:
      - gputil==1.4.0
      - nvidia-ml-py3==7.352.0
      - pynvml==11.5.0
      - typing-extensions==4.9.0
